 1        1   (0)      1 :  0.9947 0.0054 
 2        2  (27)      1 :  0.9961 0.0039 
 3        3   (0)      1 :  0.9938 0.0062 
 4        4   (0)      1 :  0.9923 0.0077 
 5        5   (0)      1 :  0.9953 0.0047 
 6        6   (0)      1 :  0.9907 0.0093 
 7        7   (0)      1 :  0.9939 0.0061 
 8        8   (0)      1 :  0.9936 0.0064 
 9        9   (0)      1 :  0.9950 0.0050 
10       10   (0)      1 :  0.9927 0.0073 
11       11   (0)      1 :  0.9946 0.0054 
12       12   (0)      1 :  0.9953 0.0047 
13       13   (0)      1 :  0.9920 0.0080 
14       14   (0)      1 :  0.9875 0.0126 
15       15  (36)      1 :  0.9790 0.0210 
16       16  (18)      1 :  0.9915 0.0085 
17       17   (0)      1 :  0.9928 0.0073 
18       18   (0)      1 :  0.9915 0.0085 
19       19   (0)      1 :  0.9944 0.0056 
20       20   (0)      1 :  0.9926 0.0074 
21       21   (0)      1 :  0.9944 0.0056 
22       22   (0)      1 :  0.9936 0.0064 
23       23   (0)      1 :  0.9935 0.0066 
24       24   (9)      3 :  0.5523 0.4477 
25       25  (18)      3 :  0.4546 0.5454 
26       26   (0)      3 :  0.5235 0.4766 
27       27   (0)      3 :  0.5195 0.4805 
28       28   (0)      3 :  0.6113 0.3887 
29       29   (0)      3 :  0.6195 0.3805 
30       30   (0)      3 :  0.6095 0.3905 
31       31   (0)      3 :  0.5352 0.4648 
32       32   (0)      3 :  0.4189 0.5812 
33       33   (0)      3 :  0.4777 0.5223 
34       34   (0)      3 :  0.5661 0.4339 
35       35   (0)      3 :  0.4936 0.5064 
36       36   (0)      3 :  0.6328 0.3672 
37       37   (0)      3 :  0.4875 0.5125 
38       38   (0)      3 :  0.4750 0.5250 
39       39   (0)      3 :  0.5311 0.4689 
40       40   (0)      3 :  0.5430 0.4571 
41       41   (0)      3 :  0.6521 0.3479 
42       42   (0)      3 :  0.7159 0.2842 
43       43   (0)      3 :  0.5583 0.4417 
44       44   (0)      3 :  0.5281 0.4720 
45       45   (0)      3 :  0.4981 0.5019 
46       46   (0)      3 :  0.4908 0.5092 
47       47   (0)      3 :  0.6727 0.3274 
48       48   (0)      3 :  0.4454 0.5545 
49       49   (0)      3 :  0.5040 0.4960 
50       50   (0)      3 :  0.5524 0.4476 
51       51   (0)      3 :  0.6097 0.3903 
52       52   (0)      3 :  0.4782 0.5218 
53       53   (0)      2 :  0.0053 0.9948 
54       54   (0)      2 :  0.0065 0.9935 
55       55   (0)      2 :  0.0126 0.9874 
56       56   (0)      2 :  0.0093 0.9907 
57       57   (0)      2 :  0.0052 0.9948 
58       58   (0)      2 :  0.0103 0.9897 
59       59   (0)      2 :  0.0089 0.9911 
60       60   (0)      2 :  0.0449 0.9552 
61       61   (0)      2 :  0.0060 0.9940 
62       62   (0)      2 :  0.0084 0.9916 
63       63   (0)      2 :  0.0108 0.9892 
64       64  (18)      2 :  0.0104 0.9896 
65       65   (9)      2 :  0.0059 0.9941 
66       66   (0)      2 :  0.0044 0.9956 
67       67   (0)      2 :  0.0079 0.9921 
68       68   (0)      2 :  0.0130 0.9871 
69       69   (0)      2 :  0.0053 0.9948 
70       70   (0)      2 :  0.0059 0.9941 
71       71   (0)      2 :  0.0106 0.9894 
72       72   (9)      2 :  0.0069 0.9931 
