  1   1 (0)  1 : 0.997 0.003
  2   2 (27)  1 : 0.998 0.002
  3   3 (0)  1 : 0.997 0.003
  4   4 (0)  1 : 0.995 0.005
  5   5 (0)  1 : 0.998 0.002
  6   6 (0)  1 : 0.993 0.007
  7   7 (0)  1 : 0.997 0.003
  8   8 (0)  1 : 0.996 0.004
  9   9 (0)  1 : 0.997 0.003
 10  10 (0)  1 : 0.995 0.005
 11  11 (0)  1 : 0.997 0.003
 12  12 (0)  1 : 0.997 0.003
 13  13 (0)  1 : 0.994 0.006
 14  14 (0)  1 : 0.990 0.010
 15  15 (36)  1 : 0.973 0.027
 16  16 (18)  1 : 0.994 0.006
 17  17 (0)  1 : 0.996 0.004
 18  18 (0)  1 : 0.994 0.006
 19  19 (0)  1 : 0.997 0.003
 20  20 (0)  1 : 0.995 0.005
 21  21 (0)  1 : 0.997 0.003
 22  22 (0)  1 : 0.996 0.004
 23  23 (0)  1 : 0.996 0.004
 24  24 (9)  3 : 0.554 0.446
 25  25 (18)  3 : 0.421 0.579
 26  26 (0)  3 : 0.516 0.484
 27  27 (0)  3 : 0.509 0.491
 28  28 (0)  3 : 0.629 0.371
 29  29 (0)  3 : 0.642 0.358
 30  30 (0)  3 : 0.627 0.373
 31  31 (0)  3 : 0.531 0.469
 32  32 (0)  3 : 0.380 0.620
 33  33 (0)  3 : 0.456 0.544
 34  34 (0)  3 : 0.570 0.430
 35  35 (0)  3 : 0.477 0.523
 36  36 (0)  3 : 0.662 0.338
 37  37 (0)  3 : 0.469 0.531
 38  38 (0)  3 : 0.453 0.547
 39  39 (0)  3 : 0.525 0.475
 40  40 (0)  3 : 0.542 0.458
 41  41 (0)  3 : 0.684 0.316
 42  42 (0)  3 : 0.759 0.241
 43  43 (0)  3 : 0.561 0.439
 44  44 (0)  3 : 0.521 0.479
 45  45 (0)  3 : 0.482 0.518
 46  46 (0)  3 : 0.472 0.528
 47  47 (0)  3 : 0.709 0.291
 48  48 (0)  3 : 0.411 0.589
 49  49 (0)  3 : 0.492 0.508
 50  50 (0)  3 : 0.556 0.444
 51  51 (0)  3 : 0.626 0.374
 52  52 (0)  3 : 0.457 0.543
 53  53 (0)  2 : 0.002 0.998
 54  54 (0)  2 : 0.003 0.997
 55  55 (0)  2 : 0.008 0.992
 56  56 (0)  2 : 0.005 0.995
 57  57 (0)  2 : 0.002 0.998
 58  58 (0)  2 : 0.006 0.994
 59  59 (0)  2 : 0.005 0.995
 60  60 (0)  2 : 0.038 0.962
 61  61 (0)  2 : 0.003 0.997
 62  62 (0)  2 : 0.004 0.996
 63  63 (0)  2 : 0.006 0.994
 64  64 (18)  2 : 0.006 0.994
 65  65 (9)  2 : 0.003 0.997
 66  66 (0)  2 : 0.002 0.998
 67  67 (0)  2 : 0.004 0.996
 68  68 (0)  2 : 0.008 0.992
 69  69 (0)  2 : 0.002 0.998
 70  70 (0)  2 : 0.003 0.997
 71  71 (0)  2 : 0.006 0.994
 72  72 (9)  2 : 0.003 0.997

  1   1 (0)  1 : 0.009 0.991
  2   2 (27)  1 : 0.007 0.993
  3   3 (0)  1 : 0.010 0.990
  4   4 (0)  1 : 0.012 0.988
  5   5 (0)  1 : 0.008 0.992
  6   6 (0)  1 : 0.014 0.986
  7   7 (0)  1 : 0.010 0.990
  8   8 (0)  1 : 0.010 0.990
  9   9 (0)  1 : 0.008 0.992
 10  10 (0)  1 : 0.011 0.989
 11  11 (0)  1 : 0.009 0.991
 12  12 (0)  1 : 0.008 0.992
 13  13 (0)  1 : 0.012 0.988
 14  14 (0)  1 : 0.016 0.984
 15  15 (36)  1 : 0.020 0.980
 16  16 (18)  1 : 0.012 0.988
 17  17 (0)  1 : 0.011 0.989
 18  18 (0)  1 : 0.012 0.988
 19  19 (0)  1 : 0.009 0.991
 20  20 (0)  1 : 0.011 0.989
 21  21 (0)  1 : 0.009 0.991
 22  22 (0)  1 : 0.010 0.990
 23  23 (0)  1 : 0.010 0.990
 24  24 (9)  3 : 0.455 0.545
 25  25 (18)  3 : 0.526 0.474
 26  26 (0)  3 : 0.477 0.523
 27  27 (0)  3 : 0.480 0.520
 28  28 (0)  3 : 0.409 0.591
 29  29 (0)  3 : 0.404 0.596
 30  30 (0)  3 : 0.412 0.588
 31  31 (0)  3 : 0.468 0.532
 32  32 (0)  3 : 0.556 0.444
 33  33 (0)  3 : 0.512 0.488
 34  34 (0)  3 : 0.444 0.556
 35  35 (0)  3 : 0.499 0.501
 36  36 (0)  3 : 0.397 0.603
 37  37 (0)  3 : 0.504 0.496
 38  38 (0)  3 : 0.516 0.484
 39  39 (0)  3 : 0.471 0.529
 40  40 (0)  3 : 0.462 0.538
 41  41 (0)  3 : 0.379 0.621
 42  42 (0)  3 : 0.326 0.674
 43  43 (0)  3 : 0.451 0.549
 44  44 (0)  3 : 0.473 0.527
 45  45 (0)  3 : 0.496 0.504
 46  46 (0)  3 : 0.502 0.498
 47  47 (0)  3 : 0.361 0.639
 48  48 (0)  3 : 0.533 0.467
 49  49 (0)  3 : 0.493 0.507
 50  50 (0)  3 : 0.456 0.544
 51  51 (0)  3 : 0.410 0.590
 52  52 (0)  3 : 0.511 0.489
 53  53 (0)  2 : 0.993 0.007
 54  54 (0)  2 : 0.992 0.008
 55  55 (0)  2 : 0.986 0.014
 56  56 (0)  2 : 0.989 0.011
 57  57 (0)  2 : 0.994 0.006
 58  58 (0)  2 : 0.988 0.012
 59  59 (0)  2 : 0.990 0.010
 60  60 (0)  2 : 0.959 0.041
 61  61 (0)  2 : 0.993 0.007
 62  62 (0)  2 : 0.990 0.010
 63  63 (0)  2 : 0.988 0.012
 64  64 (18)  2 : 0.988 0.012
 65  65 (9)  2 : 0.993 0.007
 66  66 (0)  2 : 0.994 0.006
 67  67 (0)  2 : 0.991 0.009
 68  68 (0)  2 : 0.985 0.015
 69  69 (0)  2 : 0.994 0.006
 70  70 (0)  2 : 0.993 0.007
 71  71 (0)  2 : 0.988 0.012
 72  72 (9)  2 : 0.992 0.008

  1   1 (0)  1 : 0.008 0.992
  2   2 (27)  1 : 0.007 0.993
  3   3 (0)  1 : 0.008 0.992
  4   4 (0)  1 : 0.010 0.990
  5   5 (0)  1 : 0.008 0.992
  6   6 (0)  1 : 0.011 0.989
  7   7 (0)  1 : 0.009 0.991
  8   8 (0)  1 : 0.009 0.991
  9   9 (0)  1 : 0.008 0.992
 10  10 (0)  1 : 0.010 0.990
 11  11 (0)  1 : 0.008 0.992
 12  12 (0)  1 : 0.008 0.992
 13  13 (0)  1 : 0.010 0.990
 14  14 (0)  1 : 0.012 0.988
 15  15 (36)  1 : 0.013 0.987
 16  16 (18)  1 : 0.010 0.990
 17  17 (0)  1 : 0.010 0.990
 18  18 (0)  1 : 0.010 0.990
 19  19 (0)  1 : 0.008 0.992
 20  20 (0)  1 : 0.009 0.991
 21  21 (0)  1 : 0.008 0.992
 22  22 (0)  1 : 0.009 0.991
 23  23 (0)  1 : 0.009 0.991
 24  24 (9)  3 : 0.453 0.547
 25  25 (18)  3 : 0.546 0.454
 26  26 (0)  3 : 0.480 0.520
 27  27 (0)  3 : 0.484 0.516
 28  28 (0)  3 : 0.398 0.602
 29  29 (0)  3 : 0.390 0.610
 30  30 (0)  3 : 0.399 0.601
 31  31 (0)  3 : 0.470 0.530
 32  32 (0)  3 : 0.581 0.419
 33  33 (0)  3 : 0.526 0.474
 34  34 (0)  3 : 0.440 0.560
 35  35 (0)  3 : 0.511 0.489
 36  36 (0)  3 : 0.377 0.623
 37  37 (0)  3 : 0.517 0.483
 38  38 (0)  3 : 0.527 0.473
 39  39 (0)  3 : 0.474 0.526
 40  40 (0)  3 : 0.462 0.538
 41  41 (0)  3 : 0.359 0.641
 42  42 (0)  3 : 0.296 0.704
 43  43 (0)  3 : 0.449 0.551
 44  44 (0)  3 : 0.475 0.525
 45  45 (0)  3 : 0.504 0.496
 46  46 (0)  3 : 0.511 0.489
 47  47 (0)  3 : 0.337 0.663
 48  48 (0)  3 : 0.554 0.446
 49  49 (0)  3 : 0.501 0.499
 50  50 (0)  3 : 0.452 0.548
 51  51 (0)  3 : 0.400 0.600
 52  52 (0)  3 : 0.524 0.476
 53  53 (0)  2 : 0.991 0.009
 54  54 (0)  2 : 0.989 0.011
 55  55 (0)  2 : 0.981 0.019
 56  56 (0)  2 : 0.986 0.014
 57  57 (0)  2 : 0.991 0.009
 58  58 (0)  2 : 0.985 0.015
 59  59 (0)  2 : 0.986 0.014
 60  60 (0)  2 : 0.951 0.049
 61  61 (0)  2 : 0.990 0.010
 62  62 (0)  2 : 0.986 0.014
 63  63 (0)  2 : 0.983 0.017
 64  64 (18)  2 : 0.984 0.016
 65  65 (9)  2 : 0.990 0.010
 66  66 (0)  2 : 0.993 0.007
 67  67 (0)  2 : 0.987 0.013
 68  68 (0)  2 : 0.981 0.019
 69  69 (0)  2 : 0.991 0.009
 70  70 (0)  2 : 0.990 0.010
 71  71 (0)  2 : 0.984 0.016
 72  72 (9)  2 : 0.989 0.011

  1   1 (0)  1 : 0.993 0.007
  2   2 (27)  1 : 0.995 0.005
  3   3 (0)  1 : 0.992 0.008
  4   4 (0)  1 : 0.990 0.010
  5   5 (0)  1 : 0.994 0.006
  6   6 (0)  1 : 0.988 0.012
  7   7 (0)  1 : 0.992 0.008
  8   8 (0)  1 : 0.992 0.008
  9   9 (0)  1 : 0.994 0.006
 10  10 (0)  1 : 0.991 0.009
 11  11 (0)  1 : 0.993 0.007
 12  12 (0)  1 : 0.994 0.006
 13  13 (0)  1 : 0.989 0.011
 14  14 (0)  1 : 0.984 0.016
 15  15 (36)  1 : 0.977 0.023
 16  16 (18)  1 : 0.990 0.010
 17  17 (0)  1 : 0.991 0.009
 18  18 (0)  1 : 0.989 0.011
 19  19 (0)  1 : 0.992 0.008
 20  20 (0)  1 : 0.991 0.009
 21  21 (0)  1 : 0.993 0.007
 22  22 (0)  1 : 0.992 0.008
 23  23 (0)  1 : 0.991 0.009
 24  24 (9)  3 : 0.552 0.448
 25  25 (18)  3 : 0.457 0.543
 26  26 (0)  3 : 0.522 0.478
 27  27 (0)  3 : 0.519 0.481
 28  28 (0)  3 : 0.607 0.393
 29  29 (0)  3 : 0.613 0.387
 30  30 (0)  3 : 0.606 0.394
 31  31 (0)  3 : 0.536 0.464
 32  32 (0)  3 : 0.423 0.577
 33  33 (0)  3 : 0.478 0.522
 34  34 (0)  3 : 0.563 0.437
 35  35 (0)  3 : 0.494 0.506
 36  36 (0)  3 : 0.626 0.374
 37  37 (0)  3 : 0.489 0.511
 38  38 (0)  3 : 0.477 0.523
 39  39 (0)  3 : 0.531 0.469
 40  40 (0)  3 : 0.540 0.460
 41  41 (0)  3 : 0.645 0.355
 42  42 (0)  3 : 0.708 0.292
 43  43 (0)  3 : 0.554 0.446
 44  44 (0)  3 : 0.529 0.471
 45  45 (0)  3 : 0.499 0.501
 46  46 (0)  3 : 0.492 0.508
 47  47 (0)  3 : 0.666 0.334
 48  48 (0)  3 : 0.449 0.551
 49  49 (0)  3 : 0.504 0.496
 50  50 (0)  3 : 0.551 0.449
 51  51 (0)  3 : 0.605 0.395
 52  52 (0)  3 : 0.479 0.521
 53  53 (0)  2 : 0.005 0.995
 54  54 (0)  2 : 0.006 0.994
 55  55 (0)  2 : 0.013 0.987
 56  56 (0)  2 : 0.009 0.991
 57  57 (0)  2 : 0.005 0.995
 58  58 (0)  2 : 0.011 0.989
 59  59 (0)  2 : 0.010 0.990
 60  60 (0)  2 : 0.058 0.942
 61  61 (0)  2 : 0.006 0.994
 62  62 (0)  2 : 0.009 0.991
 63  63 (0)  2 : 0.013 0.987
 64  64 (18)  2 : 0.011 0.989
 65  65 (9)  2 : 0.006 0.994
 66  66 (0)  2 : 0.004 0.996
 67  67 (0)  2 : 0.008 0.992
 68  68 (0)  2 : 0.015 0.985
 69  69 (0)  2 : 0.005 0.995
 70  70 (0)  2 : 0.006 0.994
 71  71 (0)  2 : 0.011 0.989
 72  72 (9)  2 : 0.007 0.993

  1   1 (0)  1 : 0.002 0.998
  2   2 (27)  1 : 0.001 0.999
  3   3 (0)  1 : 0.003 0.997
  4   4 (0)  1 : 0.004 0.996
  5   5 (0)  1 : 0.002 0.998
  6   6 (0)  1 : 0.005 0.995
  7   7 (0)  1 : 0.003 0.997
  8   8 (0)  1 : 0.003 0.997
  9   9 (0)  1 : 0.002 0.998
 10  10 (0)  1 : 0.004 0.996
 11  11 (0)  1 : 0.002 0.998
 12  12 (0)  1 : 0.002 0.998
 13  13 (0)  1 : 0.005 0.995
 14  14 (0)  1 : 0.008 0.992
 15  15 (36)  1 : 0.021 0.979
 16  16 (18)  1 : 0.006 0.994
 17  17 (0)  1 : 0.003 0.997
 18  18 (0)  1 : 0.005 0.995
 19  19 (0)  1 : 0.002 0.998
 20  20 (0)  1 : 0.004 0.996
 21  21 (0)  1 : 0.003 0.997
 22  22 (0)  1 : 0.003 0.997
 23  23 (0)  1 : 0.003 0.997
 24  24 (9)  3 : 0.450 0.550
 25  25 (18)  3 : 0.520 0.480
 26  26 (0)  3 : 0.471 0.529
 27  27 (0)  3 : 0.475 0.525
 28  28 (0)  3 : 0.406 0.594
 29  29 (0)  3 : 0.400 0.600
 30  30 (0)  3 : 0.407 0.593
 31  31 (0)  3 : 0.462 0.538
 32  32 (0)  3 : 0.549 0.451
 33  33 (0)  3 : 0.505 0.495
 34  34 (0)  3 : 0.440 0.560
 35  35 (0)  3 : 0.494 0.506
 36  36 (0)  3 : 0.393 0.607
 37  37 (0)  3 : 0.498 0.502
 38  38 (0)  3 : 0.507 0.493
 39  39 (0)  3 : 0.467 0.533
 40  40 (0)  3 : 0.457 0.543
 41  41 (0)  3 : 0.375 0.625
 42  42 (0)  3 : 0.323 0.677
 43  43 (0)  3 : 0.445 0.555
 44  44 (0)  3 : 0.468 0.532
 45  45 (0)  3 : 0.490 0.510
 46  46 (0)  3 : 0.495 0.505
 47  47 (0)  3 : 0.359 0.641
 48  48 (0)  3 : 0.527 0.473
 49  49 (0)  3 : 0.485 0.515
 50  50 (0)  3 : 0.450 0.550
 51  51 (0)  3 : 0.407 0.593
 52  52 (0)  3 : 0.505 0.495
 53  53 (0)  2 : 0.994 0.006
 54  54 (0)  2 : 0.993 0.007
 55  55 (0)  2 : 0.987 0.013
 56  56 (0)  2 : 0.989 0.011
 57  57 (0)  2 : 0.994 0.006
 58  58 (0)  2 : 0.989 0.011
 59  59 (0)  2 : 0.990 0.010
 60  60 (0)  2 : 0.963 0.037
 61  61 (0)  2 : 0.993 0.007
 62  62 (0)  2 : 0.991 0.009
 63  63 (0)  2 : 0.989 0.011
 64  64 (18)  2 : 0.989 0.011
 65  65 (9)  2 : 0.993 0.007
 66  66 (0)  2 : 0.995 0.005
 67  67 (0)  2 : 0.991 0.009
 68  68 (0)  2 : 0.986 0.014
 69  69 (0)  2 : 0.994 0.006
 70  70 (0)  2 : 0.993 0.007
 71  71 (0)  2 : 0.988 0.012
 72  72 (9)  2 : 0.992 0.008

  1   1 (0)  1 : 0.994 0.006
  2   2 (27)  1 : 0.996 0.004
  3   3 (0)  1 : 0.993 0.007
  4   4 (0)  1 : 0.992 0.008
  5   5 (0)  1 : 0.995 0.005
  6   6 (0)  1 : 0.991 0.009
  7   7 (0)  1 : 0.993 0.007
  8   8 (0)  1 : 0.993 0.007
  9   9 (0)  1 : 0.995 0.005
 10  10 (0)  1 : 0.992 0.008
 11  11 (0)  1 : 0.994 0.006
 12  12 (0)  1 : 0.995 0.005
 13  13 (0)  1 : 0.991 0.009
 14  14 (0)  1 : 0.987 0.013
 15  15 (36)  1 : 0.977 0.023
 16  16 (18)  1 : 0.991 0.009
 17  17 (0)  1 : 0.992 0.008
 18  18 (0)  1 : 0.991 0.009
 19  19 (0)  1 : 0.994 0.006
 20  20 (0)  1 : 0.992 0.008
 21  21 (0)  1 : 0.994 0.006
 22  22 (0)  1 : 0.993 0.007
 23  23 (0)  1 : 0.993 0.007
 24  24 (9)  3 : 0.538 0.462
 25  25 (18)  3 : 0.466 0.534
 26  26 (0)  3 : 0.516 0.484
 27  27 (0)  3 : 0.514 0.486
 28  28 (0)  3 : 0.583 0.417
 29  29 (0)  3 : 0.591 0.409
 30  30 (0)  3 : 0.582 0.418
 31  31 (0)  3 : 0.525 0.475
 32  32 (0)  3 : 0.436 0.564
 33  33 (0)  3 : 0.482 0.518
 34  34 (0)  3 : 0.549 0.451
 35  35 (0)  3 : 0.493 0.507
 36  36 (0)  3 : 0.598 0.402
 37  37 (0)  3 : 0.490 0.510
 38  38 (0)  3 : 0.478 0.522
 39  39 (0)  3 : 0.521 0.479
 40  40 (0)  3 : 0.531 0.469
 41  41 (0)  3 : 0.616 0.384
 42  42 (0)  3 : 0.669 0.331
 43  43 (0)  3 : 0.542 0.458
 44  44 (0)  3 : 0.519 0.481
 45  45 (0)  3 : 0.498 0.502
 46  46 (0)  3 : 0.490 0.510
 47  47 (0)  3 : 0.633 0.367
 48  48 (0)  3 : 0.459 0.541
 49  49 (0)  3 : 0.503 0.497
 50  50 (0)  3 : 0.537 0.463
 51  51 (0)  3 : 0.583 0.417
 52  52 (0)  3 : 0.482 0.518
 53  53 (0)  2 : 0.005 0.995
 54  54 (0)  2 : 0.006 0.994
 55  55 (0)  2 : 0.012 0.988
 56  56 (0)  2 : 0.007 0.993
 57  57 (0)  2 : 0.005 0.995
 58  58 (0)  2 : 0.009 0.991
 59  59 (0)  2 : 0.007 0.993
 60  60 (0)  2 : 0.041 0.959
 61  61 (0)  2 : 0.005 0.995
 62  62 (0)  2 : 0.007 0.993
 63  63 (0)  2 : 0.009 0.991
 64  64 (18)  2 : 0.009 0.991
 65  65 (9)  2 : 0.005 0.995
 66  66 (0)  2 : 0.004 0.996
 67  67 (0)  2 : 0.007 0.993
 68  68 (0)  2 : 0.011 0.989
 69  69 (0)  2 : 0.005 0.995
 70  70 (0)  2 : 0.005 0.995
 71  71 (0)  2 : 0.009 0.991
 72  72 (9)  2 : 0.006 0.994

  1   1 (0)  1 : 0.994 0.006
  2   2 (27)  1 : 0.996 0.004
  3   3 (0)  1 : 0.993 0.007
  4   4 (0)  1 : 0.992 0.008
  5   5 (0)  1 : 0.995 0.005
  6   6 (0)  1 : 0.991 0.009
  7   7 (0)  1 : 0.994 0.006
  8   8 (0)  1 : 0.993 0.007
  9   9 (0)  1 : 0.994 0.006
 10  10 (0)  1 : 0.993 0.007
 11  11 (0)  1 : 0.994 0.006
 12  12 (0)  1 : 0.995 0.005
 13  13 (0)  1 : 0.992 0.008
 14  14 (0)  1 : 0.988 0.012
 15  15 (36)  1 : 0.984 0.016
 16  16 (18)  1 : 0.992 0.008
 17  17 (0)  1 : 0.992 0.008
 18  18 (0)  1 : 0.992 0.008
 19  19 (0)  1 : 0.994 0.006
 20  20 (0)  1 : 0.992 0.008
 21  21 (0)  1 : 0.994 0.006
 22  22 (0)  1 : 0.993 0.007
 23  23 (0)  1 : 0.993 0.007
 24  24 (9)  3 : 0.556 0.444
 25  25 (18)  3 : 0.460 0.540
 26  26 (0)  3 : 0.527 0.473
 27  27 (0)  3 : 0.523 0.477
 28  28 (0)  3 : 0.617 0.383
 29  29 (0)  3 : 0.626 0.374
 30  30 (0)  3 : 0.615 0.385
 31  31 (0)  3 : 0.540 0.460
 32  32 (0)  3 : 0.422 0.578
 33  33 (0)  3 : 0.482 0.518
 34  34 (0)  3 : 0.572 0.428
 35  35 (0)  3 : 0.498 0.502
 36  36 (0)  3 : 0.639 0.361
 37  37 (0)  3 : 0.492 0.508
 38  38 (0)  3 : 0.479 0.521
 39  39 (0)  3 : 0.536 0.464
 40  40 (0)  3 : 0.548 0.452
 41  41 (0)  3 : 0.658 0.342
 42  42 (0)  3 : 0.723 0.277
 43  43 (0)  3 : 0.565 0.435
 44  44 (0)  3 : 0.534 0.466
 45  45 (0)  3 : 0.501 0.499
 46  46 (0)  3 : 0.495 0.505
 47  47 (0)  3 : 0.679 0.321
 48  48 (0)  3 : 0.451 0.549
 49  49 (0)  3 : 0.508 0.492
 50  50 (0)  3 : 0.557 0.443
 51  51 (0)  3 : 0.616 0.384
 52  52 (0)  3 : 0.484 0.516
 53  53 (0)  2 : 0.006 0.994
 54  54 (0)  2 : 0.007 0.993
 55  55 (0)  2 : 0.015 0.985
 56  56 (0)  2 : 0.011 0.989
 57  57 (0)  2 : 0.006 0.994
 58  58 (0)  2 : 0.012 0.988
 59  59 (0)  2 : 0.010 0.990
 60  60 (0)  2 : 0.052 0.948
 61  61 (0)  2 : 0.007 0.993
 62  62 (0)  2 : 0.010 0.990
 63  63 (0)  2 : 0.012 0.988
 64  64 (18)  2 : 0.012 0.988
 65  65 (9)  2 : 0.007 0.993
 66  66 (0)  2 : 0.005 0.995
 67  67 (0)  2 : 0.009 0.991
 68  68 (0)  2 : 0.015 0.985
 69  69 (0)  2 : 0.006 0.994
 70  70 (0)  2 : 0.007 0.993
 71  71 (0)  2 : 0.013 0.987
 72  72 (9)  2 : 0.008 0.992

  1   1 (0)  1 : 0.004 0.996
  2   2 (27)  1 : 0.003 0.997
  3   3 (0)  1 : 0.005 0.995
  4   4 (0)  1 : 0.007 0.993
  5   5 (0)  1 : 0.004 0.996
  6   6 (0)  1 : 0.008 0.992
  7   7 (0)  1 : 0.005 0.995
  8   8 (0)  1 : 0.005 0.995
  9   9 (0)  1 : 0.004 0.996
 10  10 (0)  1 : 0.006 0.994
 11  11 (0)  1 : 0.004 0.996
 12  12 (0)  1 : 0.003 0.997
 13  13 (0)  1 : 0.007 0.993
 14  14 (0)  1 : 0.014 0.986
 15  15 (36)  1 : 0.026 0.974
 16  16 (18)  1 : 0.008 0.992
 17  17 (0)  1 : 0.006 0.994
 18  18 (0)  1 : 0.008 0.992
 19  19 (0)  1 : 0.005 0.995
 20  20 (0)  1 : 0.006 0.994
 21  21 (0)  1 : 0.005 0.995
 22  22 (0)  1 : 0.005 0.995
 23  23 (0)  1 : 0.005 0.995
 24  24 (9)  3 : 0.446 0.554
 25  25 (18)  3 : 0.555 0.445
 26  26 (0)  3 : 0.477 0.523
 27  27 (0)  3 : 0.481 0.519
 28  28 (0)  3 : 0.378 0.622
 29  29 (0)  3 : 0.369 0.631
 30  30 (0)  3 : 0.381 0.619
 31  31 (0)  3 : 0.464 0.536
 32  32 (0)  3 : 0.592 0.408
 33  33 (0)  3 : 0.526 0.474
 34  34 (0)  3 : 0.430 0.570
 35  35 (0)  3 : 0.508 0.492
 36  36 (0)  3 : 0.356 0.644
 37  37 (0)  3 : 0.518 0.482
 38  38 (0)  3 : 0.528 0.472
 39  39 (0)  3 : 0.468 0.532
 40  40 (0)  3 : 0.455 0.545
 41  41 (0)  3 : 0.334 0.666
 42  42 (0)  3 : 0.266 0.734
 43  43 (0)  3 : 0.438 0.562
 44  44 (0)  3 : 0.472 0.528
 45  45 (0)  3 : 0.506 0.494
 46  46 (0)  3 : 0.515 0.485
 47  47 (0)  3 : 0.314 0.686
 48  48 (0)  3 : 0.564 0.436
 49  49 (0)  3 : 0.498 0.502
 50  50 (0)  3 : 0.446 0.554
 51  51 (0)  3 : 0.379 0.621
 52  52 (0)  3 : 0.526 0.474
 53  53 (0)  2 : 0.993 0.007
 54  54 (0)  2 : 0.991 0.009
 55  55 (0)  2 : 0.986 0.014
 56  56 (0)  2 : 0.989 0.011
 57  57 (0)  2 : 0.993 0.007
 58  58 (0)  2 : 0.988 0.012
 59  59 (0)  2 : 0.989 0.011
 60  60 (0)  2 : 0.964 0.036
 61  61 (0)  2 : 0.992 0.008
 62  62 (0)  2 : 0.990 0.010
 63  63 (0)  2 : 0.988 0.012
 64  64 (18)  2 : 0.988 0.012
 65  65 (9)  2 : 0.992 0.008
 66  66 (0)  2 : 0.994 0.006
 67  67 (0)  2 : 0.990 0.010
 68  68 (0)  2 : 0.986 0.014
 69  69 (0)  2 : 0.993 0.007
 70  70 (0)  2 : 0.992 0.008
 71  71 (0)  2 : 0.988 0.012
 72  72 (9)  2 : 0.991 0.009

  1   1 (0)  1 : 0.993 0.007
  2   2 (27)  1 : 0.995 0.005
  3   3 (0)  1 : 0.992 0.008
  4   4 (0)  1 : 0.991 0.009
  5   5 (0)  1 : 0.994 0.006
  6   6 (0)  1 : 0.989 0.011
  7   7 (0)  1 : 0.992 0.008
  8   8 (0)  1 : 0.992 0.008
  9   9 (0)  1 : 0.994 0.006
 10  10 (0)  1 : 0.991 0.009
 11  11 (0)  1 : 0.993 0.007
 12  12 (0)  1 : 0.994 0.006
 13  13 (0)  1 : 0.990 0.010
 14  14 (0)  1 : 0.985 0.015
 15  15 (36)  1 : 0.977 0.023
 16  16 (18)  1 : 0.990 0.010
 17  17 (0)  1 : 0.991 0.009
 18  18 (0)  1 : 0.989 0.011
 19  19 (0)  1 : 0.993 0.007
 20  20 (0)  1 : 0.991 0.009
 21  21 (0)  1 : 0.993 0.007
 22  22 (0)  1 : 0.992 0.008
 23  23 (0)  1 : 0.991 0.009
 24  24 (9)  3 : 0.555 0.445
 25  25 (18)  3 : 0.425 0.575
 26  26 (0)  3 : 0.517 0.483
 27  27 (0)  3 : 0.511 0.489
 28  28 (0)  3 : 0.631 0.369
 29  29 (0)  3 : 0.643 0.357
 30  30 (0)  3 : 0.628 0.372
 31  31 (0)  3 : 0.532 0.468
 32  32 (0)  3 : 0.383 0.617
 33  33 (0)  3 : 0.459 0.541
 34  34 (0)  3 : 0.571 0.429
 35  35 (0)  3 : 0.479 0.521
 36  36 (0)  3 : 0.661 0.339
 37  37 (0)  3 : 0.472 0.528
 38  38 (0)  3 : 0.454 0.546
 39  39 (0)  3 : 0.526 0.474
 40  40 (0)  3 : 0.544 0.456
 41  41 (0)  3 : 0.681 0.319
 42  42 (0)  3 : 0.758 0.242
 43  43 (0)  3 : 0.562 0.438
 44  44 (0)  3 : 0.521 0.479
 45  45 (0)  3 : 0.487 0.513
 46  46 (0)  3 : 0.472 0.528
 47  47 (0)  3 : 0.707 0.293
 48  48 (0)  3 : 0.412 0.588
 49  49 (0)  3 : 0.490 0.510
 50  50 (0)  3 : 0.553 0.447
 51  51 (0)  3 : 0.628 0.372
 52  52 (0)  3 : 0.460 0.540
 53  53 (0)  2 : 0.004 0.996
 54  54 (0)  2 : 0.006 0.994
 55  55 (0)  2 : 0.014 0.986
 56  56 (0)  2 : 0.009 0.991
 57  57 (0)  2 : 0.004 0.996
 58  58 (0)  2 : 0.010 0.990
 59  59 (0)  2 : 0.008 0.992
 60  60 (0)  2 : 0.058 0.942
 61  61 (0)  2 : 0.005 0.995
 62  62 (0)  2 : 0.008 0.992
 63  63 (0)  2 : 0.010 0.990
 64  64 (18)  2 : 0.011 0.989
 65  65 (9)  2 : 0.005 0.995
 66  66 (0)  2 : 0.004 0.996
 67  67 (0)  2 : 0.007 0.993
 68  68 (0)  2 : 0.013 0.987
 69  69 (0)  2 : 0.004 0.996
 70  70 (0)  2 : 0.005 0.995
 71  71 (0)  2 : 0.010 0.990
 72  72 (9)  2 : 0.006 0.994

  1   1 (0)  1 : 0.004 0.996
  2   2 (27)  1 : 0.003 0.997
  3   3 (0)  1 : 0.005 0.995
  4   4 (0)  1 : 0.006 0.994
  5   5 (0)  1 : 0.003 0.997
  6   6 (0)  1 : 0.007 0.993
  7   7 (0)  1 : 0.005 0.995
  8   8 (0)  1 : 0.005 0.995
  9   9 (0)  1 : 0.004 0.996
 10  10 (0)  1 : 0.006 0.994
 11  11 (0)  1 : 0.004 0.996
 12  12 (0)  1 : 0.004 0.996
 13  13 (0)  1 : 0.006 0.994
 14  14 (0)  1 : 0.010 0.990
 15  15 (36)  1 : 0.016 0.984
 16  16 (18)  1 : 0.007 0.993
 17  17 (0)  1 : 0.006 0.994
 18  18 (0)  1 : 0.007 0.993
 19  19 (0)  1 : 0.004 0.996
 20  20 (0)  1 : 0.006 0.994
 21  21 (0)  1 : 0.004 0.996
 22  22 (0)  1 : 0.005 0.995
 23  23 (0)  1 : 0.005 0.995
 24  24 (9)  3 : 0.445 0.555
 25  25 (18)  3 : 0.544 0.456
 26  26 (0)  3 : 0.475 0.525
 27  27 (0)  3 : 0.476 0.524
 28  28 (0)  3 : 0.385 0.615
 29  29 (0)  3 : 0.377 0.623
 30  30 (0)  3 : 0.386 0.614
 31  31 (0)  3 : 0.463 0.537
 32  32 (0)  3 : 0.582 0.418
 33  33 (0)  3 : 0.522 0.478
 34  34 (0)  3 : 0.433 0.567
 35  35 (0)  3 : 0.506 0.494
 36  36 (0)  3 : 0.363 0.637
 37  37 (0)  3 : 0.511 0.489
 38  38 (0)  3 : 0.524 0.476
 39  39 (0)  3 : 0.466 0.534
 40  40 (0)  3 : 0.455 0.545
 41  41 (0)  3 : 0.343 0.657
 42  42 (0)  3 : 0.278 0.722
 43  43 (0)  3 : 0.439 0.561
 44  44 (0)  3 : 0.467 0.533
 45  45 (0)  3 : 0.501 0.499
 46  46 (0)  3 : 0.505 0.495
 47  47 (0)  3 : 0.324 0.676
 48  48 (0)  3 : 0.556 0.444
 49  49 (0)  3 : 0.494 0.506
 50  50 (0)  3 : 0.444 0.556
 51  51 (0)  3 : 0.388 0.612
 52  52 (0)  3 : 0.522 0.478
 53  53 (0)  2 : 0.996 0.004
 54  54 (0)  2 : 0.995 0.005
 55  55 (0)  2 : 0.987 0.013
 56  56 (0)  2 : 0.992 0.008
 57  57 (0)  2 : 0.996 0.004
 58  58 (0)  2 : 0.990 0.010
 59  59 (0)  2 : 0.993 0.007
 60  60 (0)  2 : 0.947 0.053
 61  61 (0)  2 : 0.995 0.005
 62  62 (0)  2 : 0.992 0.008
 63  63 (0)  2 : 0.990 0.010
 64  64 (18)  2 : 0.991 0.009
 65  65 (9)  2 : 0.996 0.004
 66  66 (0)  2 : 0.997 0.003
 67  67 (0)  2 : 0.994 0.006
 68  68 (0)  2 : 0.988 0.012
 69  69 (0)  2 : 0.996 0.004
 70  70 (0)  2 : 0.996 0.004
 71  71 (0)  2 : 0.991 0.009
 72  72 (9)  2 : 0.995 0.005

  1   1 (0)  1 : 0.004 0.996
  2   2 (27)  1 : 0.003 0.997
  3   3 (0)  1 : 0.005 0.995
  4   4 (0)  1 : 0.007 0.993
  5   5 (0)  1 : 0.004 0.996
  6   6 (0)  1 : 0.009 0.991
  7   7 (0)  1 : 0.005 0.995
  8   8 (0)  1 : 0.006 0.994
  9   9 (0)  1 : 0.004 0.996
 10  10 (0)  1 : 0.006 0.994
 11  11 (0)  1 : 0.004 0.996
 12  12 (0)  1 : 0.004 0.996
 13  13 (0)  1 : 0.008 0.992
 14  14 (0)  1 : 0.014 0.986
 15  15 (36)  1 : 0.029 0.971
 16  16 (18)  1 : 0.008 0.992
 17  17 (0)  1 : 0.007 0.993
 18  18 (0)  1 : 0.008 0.992
 19  19 (0)  1 : 0.004 0.996
 20  20 (0)  1 : 0.007 0.993
 21  21 (0)  1 : 0.005 0.995
 22  22 (0)  1 : 0.006 0.994
 23  23 (0)  1 : 0.006 0.994
 24  24 (9)  3 : 0.443 0.557
 25  25 (18)  3 : 0.549 0.451
 26  26 (0)  3 : 0.473 0.527
 27  27 (0)  3 : 0.478 0.522
 28  28 (0)  3 : 0.378 0.622
 29  29 (0)  3 : 0.370 0.630
 30  30 (0)  3 : 0.380 0.620
 31  31 (0)  3 : 0.460 0.540
 32  32 (0)  3 : 0.587 0.413
 33  33 (0)  3 : 0.523 0.477
 34  34 (0)  3 : 0.427 0.573
 35  35 (0)  3 : 0.505 0.495
 36  36 (0)  3 : 0.355 0.645
 37  37 (0)  3 : 0.511 0.489
 38  38 (0)  3 : 0.524 0.476
 39  39 (0)  3 : 0.467 0.533
 40  40 (0)  3 : 0.453 0.547
 41  41 (0)  3 : 0.335 0.665
 42  42 (0)  3 : 0.267 0.733
 43  43 (0)  3 : 0.436 0.564
 44  44 (0)  3 : 0.470 0.530
 45  45 (0)  3 : 0.501 0.499
 46  46 (0)  3 : 0.511 0.489
 47  47 (0)  3 : 0.315 0.685
 48  48 (0)  3 : 0.559 0.441
 49  49 (0)  3 : 0.495 0.505
 50  50 (0)  3 : 0.442 0.558
 51  51 (0)  3 : 0.381 0.619
 52  52 (0)  3 : 0.524 0.476
 53  53 (0)  2 : 0.996 0.004
 54  54 (0)  2 : 0.995 0.005
 55  55 (0)  2 : 0.990 0.010
 56  56 (0)  2 : 0.992 0.008
 57  57 (0)  2 : 0.996 0.004
 58  58 (0)  2 : 0.991 0.009
 59  59 (0)  2 : 0.993 0.007
 60  60 (0)  2 : 0.950 0.050
 61  61 (0)  2 : 0.996 0.004
 62  62 (0)  2 : 0.993 0.007
 63  63 (0)  2 : 0.992 0.008
 64  64 (18)  2 : 0.992 0.008
 65  65 (9)  2 : 0.996 0.004
 66  66 (0)  2 : 0.997 0.003
 67  67 (0)  2 : 0.994 0.006
 68  68 (0)  2 : 0.989 0.011
 69  69 (0)  2 : 0.996 0.004
 70  70 (0)  2 : 0.996 0.004
 71  71 (0)  2 : 0.991 0.009
 72  72 (9)  2 : 0.995 0.005

  1   1 (0)  1 : 0.009 0.991
  2   2 (27)  1 : 0.007 0.993
  3   3 (0)  1 : 0.011 0.989
  4   4 (0)  1 : 0.013 0.987
  5   5 (0)  1 : 0.008 0.992
  6   6 (0)  1 : 0.015 0.985
  7   7 (0)  1 : 0.010 0.990
  8   8 (0)  1 : 0.011 0.989
  9   9 (0)  1 : 0.009 0.991
 10  10 (0)  1 : 0.012 0.988
 11  11 (0)  1 : 0.010 0.990
 12  12 (0)  1 : 0.008 0.992
 13  13 (0)  1 : 0.013 0.987
 14  14 (0)  1 : 0.019 0.981
 15  15 (36)  1 : 0.023 0.977
 16  16 (18)  1 : 0.013 0.987
 17  17 (0)  1 : 0.012 0.988
 18  18 (0)  1 : 0.013 0.987
 19  19 (0)  1 : 0.010 0.990
 20  20 (0)  1 : 0.012 0.988
 21  21 (0)  1 : 0.010 0.990
 22  22 (0)  1 : 0.011 0.989
 23  23 (0)  1 : 0.011 0.989
 24  24 (9)  3 : 0.446 0.554
 25  25 (18)  3 : 0.555 0.445
 26  26 (0)  3 : 0.477 0.523
 27  27 (0)  3 : 0.482 0.518
 28  28 (0)  3 : 0.383 0.617
 29  29 (0)  3 : 0.374 0.626
 30  30 (0)  3 : 0.387 0.613
 31  31 (0)  3 : 0.466 0.534
 32  32 (0)  3 : 0.591 0.409
 33  33 (0)  3 : 0.526 0.474
 34  34 (0)  3 : 0.433 0.567
 35  35 (0)  3 : 0.511 0.489
 36  36 (0)  3 : 0.360 0.640
 37  37 (0)  3 : 0.516 0.484
 38  38 (0)  3 : 0.529 0.471
 39  39 (0)  3 : 0.468 0.532
 40  40 (0)  3 : 0.456 0.544
 41  41 (0)  3 : 0.340 0.660
 42  42 (0)  3 : 0.274 0.726
 43  43 (0)  3 : 0.440 0.560
 44  44 (0)  3 : 0.475 0.525
 45  45 (0)  3 : 0.504 0.496
 46  46 (0)  3 : 0.512 0.488
 47  47 (0)  3 : 0.318 0.682
 48  48 (0)  3 : 0.559 0.441
 49  49 (0)  3 : 0.498 0.502
 50  50 (0)  3 : 0.447 0.553
 51  51 (0)  3 : 0.386 0.614
 52  52 (0)  3 : 0.526 0.474
 53  53 (0)  2 : 0.994 0.006
 54  54 (0)  2 : 0.993 0.007
 55  55 (0)  2 : 0.990 0.010
 56  56 (0)  2 : 0.992 0.008
 57  57 (0)  2 : 0.994 0.006
 58  58 (0)  2 : 0.991 0.009
 59  59 (0)  2 : 0.991 0.009
 60  60 (0)  2 : 0.976 0.024
 61  61 (0)  2 : 0.993 0.007
 62  62 (0)  2 : 0.992 0.008
 63  63 (0)  2 : 0.990 0.010
 64  64 (18)  2 : 0.991 0.009
 65  65 (9)  2 : 0.994 0.006
 66  66 (0)  2 : 0.995 0.005
 67  67 (0)  2 : 0.992 0.008
 68  68 (0)  2 : 0.990 0.010
 69  69 (0)  2 : 0.994 0.006
 70  70 (0)  2 : 0.994 0.006
 71  71 (0)  2 : 0.990 0.010
 72  72 (9)  2 : 0.993 0.007

  1   1 (0)  1 : 0.996 0.004
  2   2 (27)  1 : 0.997 0.003
  3   3 (0)  1 : 0.994 0.006
  4   4 (0)  1 : 0.992 0.008
  5   5 (0)  1 : 0.996 0.004
  6   6 (0)  1 : 0.991 0.009
  7   7 (0)  1 : 0.995 0.005
  8   8 (0)  1 : 0.994 0.006
  9   9 (0)  1 : 0.996 0.004
 10  10 (0)  1 : 0.993 0.007
 11  11 (0)  1 : 0.996 0.004
 12  12 (0)  1 : 0.996 0.004
 13  13 (0)  1 : 0.993 0.007
 14  14 (0)  1 : 0.987 0.013
 15  15 (36)  1 : 0.972 0.028
 16  16 (18)  1 : 0.991 0.009
 17  17 (0)  1 : 0.994 0.006
 18  18 (0)  1 : 0.992 0.008
 19  19 (0)  1 : 0.995 0.005
 20  20 (0)  1 : 0.993 0.007
 21  21 (0)  1 : 0.995 0.005
 22  22 (0)  1 : 0.995 0.005
 23  23 (0)  1 : 0.994 0.006
 24  24 (9)  3 : 0.541 0.459
 25  25 (18)  3 : 0.445 0.555
 26  26 (0)  3 : 0.512 0.488
 27  27 (0)  3 : 0.510 0.490
 28  28 (0)  3 : 0.601 0.399
 29  29 (0)  3 : 0.609 0.391
 30  30 (0)  3 : 0.600 0.400
 31  31 (0)  3 : 0.523 0.477
 32  32 (0)  3 : 0.410 0.590
 33  33 (0)  3 : 0.468 0.532
 34  34 (0)  3 : 0.557 0.443
 35  35 (0)  3 : 0.483 0.517
 36  36 (0)  3 : 0.621 0.379
 37  37 (0)  3 : 0.476 0.524
 38  38 (0)  3 : 0.466 0.534
 39  39 (0)  3 : 0.521 0.479
 40  40 (0)  3 : 0.533 0.467
 41  41 (0)  3 : 0.643 0.357
 42  42 (0)  3 : 0.709 0.291
 43  43 (0)  3 : 0.548 0.452
 44  44 (0)  3 : 0.516 0.484
 45  45 (0)  3 : 0.488 0.512
 46  46 (0)  3 : 0.481 0.519
 47  47 (0)  3 : 0.664 0.336
 48  48 (0)  3 : 0.436 0.564
 49  49 (0)  3 : 0.492 0.508
 50  50 (0)  3 : 0.540 0.460
 51  51 (0)  3 : 0.602 0.398
 52  52 (0)  3 : 0.469 0.531
 53  53 (0)  2 : 0.006 0.994
 54  54 (0)  2 : 0.008 0.992
 55  55 (0)  2 : 0.014 0.986
 56  56 (0)  2 : 0.011 0.989
 57  57 (0)  2 : 0.006 0.994
 58  58 (0)  2 : 0.011 0.989
 59  59 (0)  2 : 0.010 0.990
 60  60 (0)  2 : 0.048 0.952
 61  61 (0)  2 : 0.007 0.993
 62  62 (0)  2 : 0.009 0.991
 63  63 (0)  2 : 0.012 0.988
 64  64 (18)  2 : 0.011 0.989
 65  65 (9)  2 : 0.007 0.993
 66  66 (0)  2 : 0.005 0.995
 67  67 (0)  2 : 0.009 0.991
 68  68 (0)  2 : 0.014 0.986
 69  69 (0)  2 : 0.006 0.994
 70  70 (0)  2 : 0.007 0.993
 71  71 (0)  2 : 0.012 0.988
 72  72 (9)  2 : 0.008 0.992

  1   1 (0)  1 : 0.994 0.006
  2   2 (27)  1 : 0.996 0.004
  3   3 (0)  1 : 0.993 0.007
  4   4 (0)  1 : 0.992 0.008
  5   5 (0)  1 : 0.995 0.005
  6   6 (0)  1 : 0.991 0.009
  7   7 (0)  1 : 0.993 0.007
  8   8 (0)  1 : 0.993 0.007
  9   9 (0)  1 : 0.994 0.006
 10  10 (0)  1 : 0.992 0.008
 11  11 (0)  1 : 0.994 0.006
 12  12 (0)  1 : 0.995 0.005
 13  13 (0)  1 : 0.992 0.008
 14  14 (0)  1 : 0.988 0.012
 15  15 (36)  1 : 0.985 0.015
 16  16 (18)  1 : 0.992 0.008
 17  17 (0)  1 : 0.992 0.008
 18  18 (0)  1 : 0.991 0.009
 19  19 (0)  1 : 0.994 0.006
 20  20 (0)  1 : 0.992 0.008
 21  21 (0)  1 : 0.994 0.006
 22  22 (0)  1 : 0.993 0.007
 23  23 (0)  1 : 0.993 0.007
 24  24 (9)  3 : 0.553 0.447
 25  25 (18)  3 : 0.473 0.527
 26  26 (0)  3 : 0.529 0.471
 27  27 (0)  3 : 0.526 0.474
 28  28 (0)  3 : 0.602 0.398
 29  29 (0)  3 : 0.608 0.392
 30  30 (0)  3 : 0.601 0.399
 31  31 (0)  3 : 0.538 0.462
 32  32 (0)  3 : 0.442 0.558
 33  33 (0)  3 : 0.491 0.509
 34  34 (0)  3 : 0.566 0.434
 35  35 (0)  3 : 0.504 0.496
 36  36 (0)  3 : 0.618 0.382
 37  37 (0)  3 : 0.498 0.502
 38  38 (0)  3 : 0.487 0.513
 39  39 (0)  3 : 0.535 0.465
 40  40 (0)  3 : 0.544 0.456
 41  41 (0)  3 : 0.635 0.365
 42  42 (0)  3 : 0.692 0.308
 43  43 (0)  3 : 0.558 0.442
 44  44 (0)  3 : 0.534 0.466
 45  45 (0)  3 : 0.508 0.492
 46  46 (0)  3 : 0.504 0.496
 47  47 (0)  3 : 0.654 0.346
 48  48 (0)  3 : 0.465 0.535
 49  49 (0)  3 : 0.514 0.486
 50  50 (0)  3 : 0.553 0.447
 51  51 (0)  3 : 0.600 0.400
 52  52 (0)  3 : 0.491 0.509
 53  53 (0)  2 : 0.005 0.995
 54  54 (0)  2 : 0.007 0.993
 55  55 (0)  2 : 0.014 0.986
 56  56 (0)  2 : 0.011 0.989
 57  57 (0)  2 : 0.006 0.994
 58  58 (0)  2 : 0.012 0.988
 59  59 (0)  2 : 0.010 0.990
 60  60 (0)  2 : 0.058 0.942
 61  61 (0)  2 : 0.006 0.994
 62  62 (0)  2 : 0.009 0.991
 63  63 (0)  2 : 0.013 0.987
 64  64 (18)  2 : 0.013 0.987
 65  65 (9)  2 : 0.006 0.994
 66  66 (0)  2 : 0.004 0.996
 67  67 (0)  2 : 0.009 0.991
 68  68 (0)  2 : 0.017 0.983
 69  69 (0)  2 : 0.006 0.994
 70  70 (0)  2 : 0.006 0.994
 71  71 (0)  2 : 0.013 0.987
 72  72 (9)  2 : 0.008 0.992

  1   1 (0)  1 : 0.006 0.994
  2   2 (27)  1 : 0.004 0.996
  3   3 (0)  1 : 0.006 0.994
  4   4 (0)  1 : 0.008 0.992
  5   5 (0)  1 : 0.005 0.995
  6   6 (0)  1 : 0.010 0.990
  7   7 (0)  1 : 0.006 0.994
  8   8 (0)  1 : 0.007 0.993
  9   9 (0)  1 : 0.005 0.995
 10  10 (0)  1 : 0.007 0.993
 11  11 (0)  1 : 0.006 0.994
 12  12 (0)  1 : 0.005 0.995
 13  13 (0)  1 : 0.008 0.992
 14  14 (0)  1 : 0.013 0.987
 15  15 (36)  1 : 0.020 0.980
 16  16 (18)  1 : 0.008 0.992
 17  17 (0)  1 : 0.008 0.992
 18  18 (0)  1 : 0.009 0.991
 19  19 (0)  1 : 0.006 0.994
 20  20 (0)  1 : 0.007 0.993
 21  21 (0)  1 : 0.006 0.994
 22  22 (0)  1 : 0.007 0.993
 23  23 (0)  1 : 0.007 0.993
 24  24 (9)  3 : 0.444 0.556
 25  25 (18)  3 : 0.556 0.444
 26  26 (0)  3 : 0.476 0.524
 27  27 (0)  3 : 0.481 0.519
 28  28 (0)  3 : 0.376 0.624
 29  29 (0)  3 : 0.368 0.632
 30  30 (0)  3 : 0.379 0.621
 31  31 (0)  3 : 0.464 0.536
 32  32 (0)  3 : 0.595 0.405
 33  33 (0)  3 : 0.528 0.472
 34  34 (0)  3 : 0.427 0.573
 35  35 (0)  3 : 0.509 0.491
 36  36 (0)  3 : 0.350 0.650
 37  37 (0)  3 : 0.518 0.482
 38  38 (0)  3 : 0.533 0.467
 39  39 (0)  3 : 0.468 0.532
 40  40 (0)  3 : 0.454 0.546
 41  41 (0)  3 : 0.332 0.668
 42  42 (0)  3 : 0.261 0.739
 43  43 (0)  3 : 0.436 0.564
 44  44 (0)  3 : 0.471 0.529
 45  45 (0)  3 : 0.506 0.494
 46  46 (0)  3 : 0.514 0.486
 47  47 (0)  3 : 0.307 0.693
 48  48 (0)  3 : 0.565 0.435
 49  49 (0)  3 : 0.498 0.502
 50  50 (0)  3 : 0.442 0.558
 51  51 (0)  3 : 0.379 0.621
 52  52 (0)  3 : 0.528 0.472
 53  53 (0)  2 : 0.996 0.004
 54  54 (0)  2 : 0.995 0.005
 55  55 (0)  2 : 0.988 0.012
 56  56 (0)  2 : 0.992 0.008
 57  57 (0)  2 : 0.996 0.004
 58  58 (0)  2 : 0.991 0.009
 59  59 (0)  2 : 0.992 0.008
 60  60 (0)  2 : 0.957 0.043
 61  61 (0)  2 : 0.995 0.005
 62  62 (0)  2 : 0.993 0.007
 63  63 (0)  2 : 0.990 0.010
 64  64 (18)  2 : 0.991 0.009
 65  65 (9)  2 : 0.995 0.005
 66  66 (0)  2 : 0.996 0.004
 67  67 (0)  2 : 0.993 0.007
 68  68 (0)  2 : 0.988 0.012
 69  69 (0)  2 : 0.996 0.004
 70  70 (0)  2 : 0.995 0.005
 71  71 (0)  2 : 0.990 0.010
 72  72 (9)  2 : 0.994 0.006

  1   1 (0)  1 : 0.003 0.997
  2   2 (27)  1 : 0.002 0.998
  3   3 (0)  1 : 0.003 0.997
  4   4 (0)  1 : 0.004 0.996
  5   5 (0)  1 : 0.002 0.998
  6   6 (0)  1 : 0.005 0.995
  7   7 (0)  1 : 0.003 0.997
  8   8 (0)  1 : 0.003 0.997
  9   9 (0)  1 : 0.002 0.998
 10  10 (0)  1 : 0.004 0.996
 11  11 (0)  1 : 0.003 0.997
 12  12 (0)  1 : 0.002 0.998
 13  13 (0)  1 : 0.004 0.996
 14  14 (0)  1 : 0.008 0.992
 15  15 (36)  1 : 0.017 0.983
 16  16 (18)  1 : 0.006 0.994
 17  17 (0)  1 : 0.004 0.996
 18  18 (0)  1 : 0.005 0.995
 19  19 (0)  1 : 0.003 0.997
 20  20 (0)  1 : 0.004 0.996
 21  21 (0)  1 : 0.003 0.997
 22  22 (0)  1 : 0.003 0.997
 23  23 (0)  1 : 0.003 0.997
 24  24 (9)  3 : 0.448 0.552
 25  25 (18)  3 : 0.540 0.460
 26  26 (0)  3 : 0.474 0.526
 27  27 (0)  3 : 0.478 0.522
 28  28 (0)  3 : 0.390 0.610
 29  29 (0)  3 : 0.383 0.617
 30  30 (0)  3 : 0.392 0.608
 31  31 (0)  3 : 0.464 0.536
 32  32 (0)  3 : 0.576 0.424
 33  33 (0)  3 : 0.518 0.482
 34  34 (0)  3 : 0.433 0.567
 35  35 (0)  3 : 0.504 0.496
 36  36 (0)  3 : 0.368 0.632
 37  37 (0)  3 : 0.510 0.490
 38  38 (0)  3 : 0.520 0.480
 39  39 (0)  3 : 0.468 0.532
 40  40 (0)  3 : 0.456 0.544
 41  41 (0)  3 : 0.351 0.649
 42  42 (0)  3 : 0.290 0.710
 43  43 (0)  3 : 0.441 0.559
 44  44 (0)  3 : 0.471 0.529
 45  45 (0)  3 : 0.499 0.501
 46  46 (0)  3 : 0.506 0.494
 47  47 (0)  3 : 0.331 0.669
 48  48 (0)  3 : 0.551 0.449
 49  49 (0)  3 : 0.493 0.507
 50  50 (0)  3 : 0.447 0.553
 51  51 (0)  3 : 0.392 0.608
 52  52 (0)  3 : 0.519 0.481
 53  53 (0)  2 : 0.997 0.003
 54  54 (0)  2 : 0.996 0.004
 55  55 (0)  2 : 0.989 0.011
 56  56 (0)  2 : 0.993 0.007
 57  57 (0)  2 : 0.997 0.003
 58  58 (0)  2 : 0.992 0.008
 59  59 (0)  2 : 0.993 0.007
 60  60 (0)  2 : 0.951 0.049
 61  61 (0)  2 : 0.996 0.004
 62  62 (0)  2 : 0.994 0.006
 63  63 (0)  2 : 0.991 0.009
 64  64 (18)  2 : 0.991 0.009
 65  65 (9)  2 : 0.996 0.004
 66  66 (0)  2 : 0.997 0.003
 67  67 (0)  2 : 0.994 0.006
 68  68 (0)  2 : 0.990 0.010
 69  69 (0)  2 : 0.996 0.004
 70  70 (0)  2 : 0.996 0.004
 71  71 (0)  2 : 0.992 0.008
 72  72 (9)  2 : 0.995 0.005

  1   1 (0)  1 : 0.002 0.998
  2   2 (27)  1 : 0.002 0.998
  3   3 (0)  1 : 0.003 0.997
  4   4 (0)  1 : 0.004 0.996
  5   5 (0)  1 : 0.002 0.998
  6   6 (0)  1 : 0.006 0.994
  7   7 (0)  1 : 0.003 0.997
  8   8 (0)  1 : 0.003 0.997
  9   9 (0)  1 : 0.002 0.998
 10  10 (0)  1 : 0.004 0.996
 11  11 (0)  1 : 0.002 0.998
 12  12 (0)  1 : 0.002 0.998
 13  13 (0)  1 : 0.004 0.996
 14  14 (0)  1 : 0.008 0.992
 15  15 (36)  1 : 0.021 0.979
 16  16 (18)  1 : 0.005 0.995
 17  17 (0)  1 : 0.004 0.996
 18  18 (0)  1 : 0.005 0.995
 19  19 (0)  1 : 0.003 0.997
 20  20 (0)  1 : 0.004 0.996
 21  21 (0)  1 : 0.002 0.998
 22  22 (0)  1 : 0.003 0.997
 23  23 (0)  1 : 0.003 0.997
 24  24 (9)  3 : 0.442 0.558
 25  25 (18)  3 : 0.507 0.493
 26  26 (0)  3 : 0.462 0.538
 27  27 (0)  3 : 0.464 0.536
 28  28 (0)  3 : 0.401 0.599
 29  29 (0)  3 : 0.396 0.604
 30  30 (0)  3 : 0.403 0.597
 31  31 (0)  3 : 0.454 0.546
 32  32 (0)  3 : 0.536 0.464
 33  33 (0)  3 : 0.495 0.505
 34  34 (0)  3 : 0.433 0.567
 35  35 (0)  3 : 0.484 0.516
 36  36 (0)  3 : 0.386 0.614
 37  37 (0)  3 : 0.488 0.512
 38  38 (0)  3 : 0.496 0.504
 39  39 (0)  3 : 0.457 0.543
 40  40 (0)  3 : 0.448 0.552
 41  41 (0)  3 : 0.371 0.629
 42  42 (0)  3 : 0.324 0.676
 43  43 (0)  3 : 0.437 0.563
 44  44 (0)  3 : 0.460 0.540
 45  45 (0)  3 : 0.479 0.521
 46  46 (0)  3 : 0.484 0.516
 47  47 (0)  3 : 0.356 0.644
 48  48 (0)  3 : 0.517 0.483
 49  49 (0)  3 : 0.475 0.525
 50  50 (0)  3 : 0.443 0.557
 51  51 (0)  3 : 0.403 0.597
 52  52 (0)  3 : 0.495 0.505
 53  53 (0)  2 : 0.996 0.004
 54  54 (0)  2 : 0.995 0.005
 55  55 (0)  2 : 0.990 0.010
 56  56 (0)  2 : 0.993 0.007
 57  57 (0)  2 : 0.996 0.004
 58  58 (0)  2 : 0.992 0.008
 59  59 (0)  2 : 0.993 0.007
 60  60 (0)  2 : 0.965 0.035
 61  61 (0)  2 : 0.996 0.004
 62  62 (0)  2 : 0.994 0.006
 63  63 (0)  2 : 0.992 0.008
 64  64 (18)  2 : 0.992 0.008
 65  65 (9)  2 : 0.995 0.005
 66  66 (0)  2 : 0.997 0.003
 67  67 (0)  2 : 0.994 0.006
 68  68 (0)  2 : 0.990 0.010
 69  69 (0)  2 : 0.996 0.004
 70  70 (0)  2 : 0.995 0.005
 71  71 (0)  2 : 0.992 0.008
 72  72 (9)  2 : 0.995 0.005

  1   1 (0)  1 : 0.007 0.993
  2   2 (27)  1 : 0.005 0.995
  3   3 (0)  1 : 0.007 0.993
  4   4 (0)  1 : 0.008 0.992
  5   5 (0)  1 : 0.006 0.994
  6   6 (0)  1 : 0.010 0.990
  7   7 (0)  1 : 0.007 0.993
  8   8 (0)  1 : 0.007 0.993
  9   9 (0)  1 : 0.006 0.994
 10  10 (0)  1 : 0.009 0.991
 11  11 (0)  1 : 0.007 0.993
 12  12 (0)  1 : 0.006 0.994
 13  13 (0)  1 : 0.009 0.991
 14  14 (0)  1 : 0.012 0.988
 15  15 (36)  1 : 0.014 0.986
 16  16 (18)  1 : 0.009 0.991
 17  17 (0)  1 : 0.008 0.992
 18  18 (0)  1 : 0.009 0.991
 19  19 (0)  1 : 0.007 0.993
 20  20 (0)  1 : 0.008 0.992
 21  21 (0)  1 : 0.007 0.993
 22  22 (0)  1 : 0.008 0.992
 23  23 (0)  1 : 0.008 0.992
 24  24 (9)  3 : 0.441 0.559
 25  25 (18)  3 : 0.560 0.440
 26  26 (0)  3 : 0.476 0.524
 27  27 (0)  3 : 0.483 0.517
 28  28 (0)  3 : 0.373 0.627
 29  29 (0)  3 : 0.361 0.639
 30  30 (0)  3 : 0.372 0.628
 31  31 (0)  3 : 0.461 0.539
 32  32 (0)  3 : 0.602 0.398
 33  33 (0)  3 : 0.532 0.468
 34  34 (0)  3 : 0.425 0.575
 35  35 (0)  3 : 0.512 0.488
 36  36 (0)  3 : 0.343 0.657
 37  37 (0)  3 : 0.519 0.481
 38  38 (0)  3 : 0.536 0.464
 39  39 (0)  3 : 0.465 0.535
 40  40 (0)  3 : 0.453 0.547
 41  41 (0)  3 : 0.322 0.678
 42  42 (0)  3 : 0.250 0.750
 43  43 (0)  3 : 0.435 0.565
 44  44 (0)  3 : 0.470 0.530
 45  45 (0)  3 : 0.509 0.491
 46  46 (0)  3 : 0.515 0.485
 47  47 (0)  3 : 0.299 0.701
 48  48 (0)  3 : 0.571 0.429
 49  49 (0)  3 : 0.501 0.499
 50  50 (0)  3 : 0.441 0.559
 51  51 (0)  3 : 0.371 0.629
 52  52 (0)  3 : 0.531 0.469
 53  53 (0)  2 : 0.997 0.003
 54  54 (0)  2 : 0.997 0.003
 55  55 (0)  2 : 0.992 0.008
 56  56 (0)  2 : 0.994 0.006
 57  57 (0)  2 : 0.998 0.002
 58  58 (0)  2 : 0.993 0.007
 59  59 (0)  2 : 0.995 0.005
 60  60 (0)  2 : 0.949 0.051
 61  61 (0)  2 : 0.997 0.003
 62  62 (0)  2 : 0.995 0.005
 63  63 (0)  2 : 0.993 0.007
 64  64 (18)  2 : 0.993 0.007
 65  65 (9)  2 : 0.997 0.003
 66  66 (0)  2 : 0.998 0.002
 67  67 (0)  2 : 0.996 0.004
 68  68 (0)  2 : 0.991 0.009
 69  69 (0)  2 : 0.998 0.002
 70  70 (0)  2 : 0.997 0.003
 71  71 (0)  2 : 0.994 0.006
 72  72 (9)  2 : 0.996 0.004

  1   1 (0)  1 : 0.995 0.005
  2   2 (27)  1 : 0.996 0.004
  3   3 (0)  1 : 0.994 0.006
  4   4 (0)  1 : 0.993 0.007
  5   5 (0)  1 : 0.996 0.004
  6   6 (0)  1 : 0.991 0.009
  7   7 (0)  1 : 0.995 0.005
  8   8 (0)  1 : 0.994 0.006
  9   9 (0)  1 : 0.995 0.005
 10  10 (0)  1 : 0.994 0.006
 11  11 (0)  1 : 0.995 0.005
 12  12 (0)  1 : 0.996 0.004
 13  13 (0)  1 : 0.993 0.007
 14  14 (0)  1 : 0.988 0.012
 15  15 (36)  1 : 0.980 0.020
 16  16 (18)  1 : 0.992 0.008
 17  17 (0)  1 : 0.993 0.007
 18  18 (0)  1 : 0.992 0.008
 19  19 (0)  1 : 0.995 0.005
 20  20 (0)  1 : 0.993 0.007
 21  21 (0)  1 : 0.995 0.005
 22  22 (0)  1 : 0.994 0.006
 23  23 (0)  1 : 0.994 0.006
 24  24 (9)  3 : 0.557 0.443
 25  25 (18)  3 : 0.457 0.543
 26  26 (0)  3 : 0.526 0.474
 27  27 (0)  3 : 0.522 0.478
 28  28 (0)  3 : 0.615 0.385
 29  29 (0)  3 : 0.625 0.375
 30  30 (0)  3 : 0.614 0.386
 31  31 (0)  3 : 0.539 0.461
 32  32 (0)  3 : 0.420 0.580
 33  33 (0)  3 : 0.480 0.520
 34  34 (0)  3 : 0.571 0.429
 35  35 (0)  3 : 0.498 0.502
 36  36 (0)  3 : 0.637 0.363
 37  37 (0)  3 : 0.491 0.509
 38  38 (0)  3 : 0.478 0.522
 39  39 (0)  3 : 0.535 0.465
 40  40 (0)  3 : 0.545 0.455
 41  41 (0)  3 : 0.658 0.342
 42  42 (0)  3 : 0.723 0.277
 43  43 (0)  3 : 0.562 0.438
 44  44 (0)  3 : 0.532 0.468
 45  45 (0)  3 : 0.500 0.500
 46  46 (0)  3 : 0.494 0.506
 47  47 (0)  3 : 0.678 0.322
 48  48 (0)  3 : 0.447 0.553
 49  49 (0)  3 : 0.506 0.494
 50  50 (0)  3 : 0.556 0.444
 51  51 (0)  3 : 0.615 0.385
 52  52 (0)  3 : 0.480 0.520
 53  53 (0)  2 : 0.008 0.992
 54  54 (0)  2 : 0.010 0.990
 55  55 (0)  2 : 0.015 0.985
 56  56 (0)  2 : 0.013 0.987
 57  57 (0)  2 : 0.008 0.992
 58  58 (0)  2 : 0.014 0.986
 59  59 (0)  2 : 0.012 0.988
 60  60 (0)  2 : 0.036 0.964
 61  61 (0)  2 : 0.009 0.991
 62  62 (0)  2 : 0.012 0.988
 63  63 (0)  2 : 0.015 0.985
 64  64 (18)  2 : 0.013 0.987
 65  65 (9)  2 : 0.009 0.991
 66  66 (0)  2 : 0.007 0.993
 67  67 (0)  2 : 0.011 0.989
 68  68 (0)  2 : 0.016 0.984
 69  69 (0)  2 : 0.008 0.992
 70  70 (0)  2 : 0.009 0.991
 71  71 (0)  2 : 0.014 0.986
 72  72 (9)  2 : 0.010 0.990

  1   1 (0)  1 : 0.995 0.005
  2   2 (27)  1 : 0.997 0.003
  3   3 (0)  1 : 0.994 0.006
  4   4 (0)  1 : 0.992 0.008
  5   5 (0)  1 : 0.996 0.004
  6   6 (0)  1 : 0.990 0.010
  7   7 (0)  1 : 0.994 0.006
  8   8 (0)  1 : 0.994 0.006
  9   9 (0)  1 : 0.995 0.005
 10  10 (0)  1 : 0.993 0.007
 11  11 (0)  1 : 0.995 0.005
 12  12 (0)  1 : 0.996 0.004
 13  13 (0)  1 : 0.992 0.008
 14  14 (0)  1 : 0.986 0.014
 15  15 (36)  1 : 0.975 0.025
 16  16 (18)  1 : 0.991 0.009
 17  17 (0)  1 : 0.993 0.007
 18  18 (0)  1 : 0.991 0.009
 19  19 (0)  1 : 0.995 0.005
 20  20 (0)  1 : 0.992 0.008
 21  21 (0)  1 : 0.995 0.005
 22  22 (0)  1 : 0.994 0.006
 23  23 (0)  1 : 0.994 0.006
 24  24 (9)  3 : 0.552 0.448
 25  25 (18)  3 : 0.446 0.554
 26  26 (0)  3 : 0.522 0.478
 27  27 (0)  3 : 0.518 0.482
 28  28 (0)  3 : 0.617 0.383
 29  29 (0)  3 : 0.625 0.375
 30  30 (0)  3 : 0.615 0.385
 31  31 (0)  3 : 0.536 0.464
 32  32 (0)  3 : 0.408 0.592
 33  33 (0)  3 : 0.471 0.529
 34  34 (0)  3 : 0.568 0.432
 35  35 (0)  3 : 0.489 0.511
 36  36 (0)  3 : 0.642 0.358
 37  37 (0)  3 : 0.483 0.517
 38  38 (0)  3 : 0.469 0.531
 39  39 (0)  3 : 0.530 0.470
 40  40 (0)  3 : 0.543 0.457
 41  41 (0)  3 : 0.663 0.337
 42  42 (0)  3 : 0.731 0.269
 43  43 (0)  3 : 0.561 0.439
 44  44 (0)  3 : 0.527 0.473
 45  45 (0)  3 : 0.495 0.505
 46  46 (0)  3 : 0.487 0.513
 47  47 (0)  3 : 0.684 0.316
 48  48 (0)  3 : 0.435 0.565
 49  49 (0)  3 : 0.502 0.498
 50  50 (0)  3 : 0.555 0.445
 51  51 (0)  3 : 0.615 0.385
 52  52 (0)  3 : 0.472 0.528
 53  53 (0)  2 : 0.007 0.993
 54  54 (0)  2 : 0.008 0.992
 55  55 (0)  2 : 0.013 0.987
 56  56 (0)  2 : 0.011 0.989
 57  57 (0)  2 : 0.007 0.993
 58  58 (0)  2 : 0.011 0.989
 59  59 (0)  2 : 0.010 0.990
 60  60 (0)  2 : 0.040 0.960
 61  61 (0)  2 : 0.007 0.993
 62  62 (0)  2 : 0.010 0.990
 63  63 (0)  2 : 0.012 0.988
 64  64 (18)  2 : 0.012 0.988
 65  65 (9)  2 : 0.007 0.993
 66  66 (0)  2 : 0.006 0.994
 67  67 (0)  2 : 0.009 0.991
 68  68 (0)  2 : 0.014 0.986
 69  69 (0)  2 : 0.007 0.993
 70  70 (0)  2 : 0.007 0.993
 71  71 (0)  2 : 0.012 0.988
 72  72 (9)  2 : 0.008 0.992

