  1:	0.995  0.005	23
  2:	0.006  0.994	20
  3:	0.541  0.459	29

  1:	0.011  0.989	23
  2:	0.989  0.011	20
  3:	0.462  0.538	29

  1:	0.009  0.991	23
  2:	0.985  0.015	20
  3:	0.462  0.538	29

  1:	0.991  0.009	23
  2:	0.011  0.989	20
  3:	0.542  0.458	29

  1:	0.004  0.996	23
  2:	0.990  0.010	20
  3:	0.456  0.544	29

  1:	0.992  0.008	23
  2:	0.009  0.991	20
  3:	0.532  0.468	29

  1:	0.993  0.007	23
  2:	0.012  0.988	20
  3:	0.548  0.452	29

  1:	0.007  0.993	23
  2:	0.989  0.011	20
  3:	0.455  0.545	29

  1:	0.991  0.009	23
  2:	0.010  0.990	20
  3:	0.542  0.458	29

  1:	0.006  0.994	23
  2:	0.991  0.009	20
  3:	0.454  0.546	29

  1:	0.007  0.993	23
  2:	0.992  0.008	20
  3:	0.452  0.548	29

  1:	0.012  0.988	23
  2:	0.992  0.008	20
  3:	0.457  0.543	29

  1:	0.993  0.007	23
  2:	0.011  0.989	20
  3:	0.533  0.467	29

  1:	0.993  0.007	23
  2:	0.012  0.988	20
  3:	0.546  0.454	29

  1:	0.008  0.992	23
  2:	0.991  0.009	20
  3:	0.454  0.546	29

  1:	0.004  0.996	23
  2:	0.992  0.008	20
  3:	0.455  0.545	29

  1:	0.004  0.996	23
  2:	0.992  0.008	20
  3:	0.448  0.552	29

  1:	0.008  0.992	23
  2:	0.993  0.007	20
  3:	0.453  0.547	29

  1:	0.993  0.007	23
  2:	0.013  0.987	20
  3:	0.547  0.453	29

  1:	0.993  0.007	23
  2:	0.011  0.989	20
  3:	0.544  0.456	29

